### Method 1
Mean= 0.003278364000000238
Var= 1.5949011541175812e-07
Std= 0.0003953483439999755
Mode= ModeResult(mode=array([0.0028614]), count=array([1]))
Median= 0.003124599999999589
Min= 0.002861400000000458M
ax= 0.005069899999995187
Q1= 0.0030170250000001175
Q3= 0.0035761000000036347

### Method 1                                                            
Mean= 0.0018447800000004123
Var= 2.7721606938726403e-08
Std= 0.00016482467897724503
Mode= ModeResult(mode=array([0.0016508]), count=array([1]))
Median= 0.0017903999999973053
Min= 0.0016508000000001744
Max= 0.002342399999996303
Q1= 0.0017076500000001715
Q3= 0.001984500000000722