Mean= 3.14038
Var= 3.931880404040408e-05
Std= 0.006239039669692767
Mode= ModeResult(mode=array([3.14312]), count=array([3]))
Median= 3.14004
Min= 3.12368
Max= 3.15368
Q1= 3.13574
Q3= 3.14498